130000.000 441993.731 10.000
130050.000 441990.638 10.000
130100.000 441988.458 10.000
130150.000 441989.995 10.000
130200.000 441994.528 10.000
130250.000 442008.191 10.000
130300.000 442013.395 10.000
130350.000 442009.867 10.000
130400.000 442015.441 10.000
130450.000 442020.889 10.000
130500.000 442028.684 10.000
130550.000 442032.782 10.000
130600.000 442031.517 10.000
130650.000 442011.301 10.000
130700.000 442019.954 10.000
130750.000 442005.488 10.000
130800.000 442013.012 10.000
130850.000 441965.557 10.000
130900.000 441945.783 10.000
130950.000 441935.112 10.000
131000.000 441919.314 10.000
131050.000 441874.515 10.000
131100.000 441873.182 10.000
131150.000 441928.378 10.000
131200.000 442005.291 10.000
131250.000 442083.197 10.000
131300.000 442176.286 10.000
131350.000 442246.798 10.000
131400.000 442382.471 10.000
131450.000 442442.195 10.000
131500.000 442497.433 10.000
131550.000 442555.914 10.000
131600.000 442658.354 10.000
131650.000 442765.030 10.000
131700.000 442855.550 10.000
131750.000 442913.562 10.000
131800.000 442955.681 10.000
131850.000 442997.716 10.000
131900.000 443038.863 10.000
131950.000 443080.207 10.000
132000.000 443114.944 10.000
132050.000 443146.719 10.000
132100.000 443171.191 10.000
132150.000 443190.843 10.000
132200.000 443215.987 10.000
132250.000 443249.895 10.000
132300.000 443283.189 10.000
132350.000 443313.157 10.000
132400.000 443334.227 10.000
132450.000 443347.961 10.000
132500.000 443358.023 10.000
132550.000 443363.534 10.000
132600.000 443362.023 10.000
132650.000 443362.209 10.000
132700.000 443357.881 10.000
132750.000 443398.363 10.000
132800.000 443443.161 10.000
132850.000 443517.765 10.000
132900.000 443639.743 10.000
132950.000 443839.382 10.000
133000.000 444159.495 10.000
133050.000 444277.970 10.000
133100.000 444350.557 10.000
133150.000 444416.854 10.000
133200.000 444479.703 10.000
133250.000 444537.593 10.000
133300.000 444574.853 10.000
133350.000 444612.874 10.000
133400.000 444645.595 10.000
133450.000 444678.409 10.000
133500.000 444710.324 10.000
133550.000 444740.271 10.000
133600.000 444768.503 10.000
133650.000 444794.742 10.000
133700.000 444820.496 10.000
133750.000 444834.352 10.000
133800.000 444855.088 10.000
133850.000 444875.946 10.000
133900.000 444894.328 10.000
133950.000 444926.430 10.000
134000.000 444958.495 10.000
134050.000 444990.560 10.000
134100.000 445021.965 10.000
134150.000 445050.197 10.000
134200.000 445070.463 10.000
134250.000 445102.119 10.000
134300.000 445143.065 10.000
134350.000 445184.064 10.000
134400.000 445344.570 10.000
134450.000 445362.840 10.000
134500.000 445381.664 10.000
134550.000 445394.185 10.000
134600.000 445376.916 10.000
134650.000 445392.229 10.000
134700.000 445407.077 10.000
134750.000 445420.020 10.000
134800.000 445430.022 10.000
134850.000 445435.180 10.000
134900.000 445443.563 10.000
134950.000 445447.783 10.000
135000.000 445450.865 10.000
135050.000 445451.807 10.000
135100.000 445270.565 10.000
135150.000 445436.150 10.000
135200.000 445448.925 10.000
135250.000 445455.003 10.000
135300.000 445469.858 10.000
135350.000 445485.367 10.000
135400.000 445532.573 10.000
135450.000 445541.988 10.000
135500.000 445545.454 10.000
135550.000 445528.539 10.000
135600.000 445520.533 10.000
135650.000 445512.397 10.000
135700.000 445511.513 10.000
135750.000 445514.614 10.000
135800.000 445508.832 10.000
135850.000 445498.160 10.000
135900.000 445490.143 10.000
135950.000 445480.061 10.000
136000.000 445462.251 10.000
136050.000 445449.973 10.000
136100.000 445439.367 10.000
136150.000 445429.016 10.000
136200.000 445418.665 10.000
136250.000 445408.313 10.000
136300.000 445398.037 10.000
136350.000 445399.940 10.000
136400.000 445387.888 10.000
136450.000 445368.685 10.000
136500.000 445326.057 10.000
136550.000 445299.964 10.000
136600.000 445279.929 10.000
136650.000 445259.702 10.000
136700.000 445242.301 10.000
136750.000 445221.347 10.000
136800.000 445189.452 10.000
136850.000 445168.681 10.000
136900.000 445133.788 10.000
136950.000 445106.525 10.000
137000.000 445080.341 10.000
137050.000 445056.548 10.000
137100.000 445034.931 10.000
137150.000 445010.460 10.000
137200.000 444983.643 10.000
137250.000 444951.531 10.000
137300.000 444894.688 10.000
137350.000 444845.715 10.000
137400.000 444784.483 10.000
137450.000 444757.175 10.000
137500.000 444739.159 10.000
137550.000 444668.124 10.000
137600.000 444600.518 10.000
137650.000 444086.976 10.000
137700.000 443936.703 10.000
137750.000 443942.668 10.000
137800.000 443927.505 10.000
137850.000 443900.097 10.000
137900.000 443876.615 10.000
137950.000 443832.728 10.000